-624.0194310919253
-133.66405771416123
-39.36088067136633
-170.14595551129455
-57.77304449668061
-47.25497576508013
-80.22263797860595
-39.67450016428185
-35.00873337075248
-50.432699833039365
-33.468405764391036
-79.56991012436558
-91.33522009809947
-23.822665669101156
-38.278191448113844
-43.80330116266097
-87.21796262585339
-48.8730716171678
-102.8162040410134
-134.64894345351794
-41.159535994045605
-448.460481703966
-59.099870919406776
-66.51227471408107
-30.12102589708174
-52.81262504452661
-26.689943969467958
-31.27469801251405
-61.29816145440506
-181.34089264309333
-89.90111461243161
-57.22572964787247
-22.991831412615884
-183.64957891330008
-141.370123277528
-116.17209926554885
-26.253447789682873
-17.61676538016926
-115.31375904613661
-57.02339763322941
-44.909959241722355
-26.114381207489664
-66.21013620418123
-117.86384649709309
-16.360460227571167
-201.70149678677242
-51.05951716928448
-64.70546691255984
-109.2363047975886
-52.69696374778468
-39.79274520791716
-38.118395303001975
-39.42245267790586
-83.49014496236116
-115.39478959730998
-128.41931692486187
-18.807053463711263
-61.66394070355762
-65.98047100748306
-96.13485104409318
-38.20067225049759
-38.60948269854018
-25.48605054964562
-15.355039010442326
-13.402663454630297
-38.50692611154431
-29.00071097548407
-80.36058079654389
-54.914854593151226
-15.024576106948086
-17.20108020620785
-18.11178132250183
-12.359364123611284
-67.54866711033968
-65.62440935991464
-33.00827097697953
-55.44493085749155
-41.452342482829444
-157.97607001971355
-73.77600981341182
-47.51249874121451
-60.561130146848875
-37.39433118288705
-120.28609038191509
-217.91173746766964
-67.30545486499298
-76.1795508465866
-46.003547982741466
-32.92404918564327
-39.42044590635668
-50.898135574442556
-61.02457125113219
-285.58196271720357
-85.01485098935626
-101.30167560106021
-46.1775434787922
-79.84445254188273
-44.43676018211428
-52.67513106836059
-60.96995827420627
-97.95994935249253
-53.12219802694286
-96.03041368375568
-79.61627654804764
-37.383433952721454
-271.6729144216932
-271.63811275124596
-65.21479976986004
-24.373071995950834
-24.4107387695631
-15.955372801618564
-40.44183926709783
-85.85539330738028
-86.472094644261
-60.17615471908859
-112.67388219296187
-77.13567359212199
-51.624814253671374
-159.25693249762153
-78.32252670159811
-79.08417611585482
-101.32711879179713
-200.4936262868034
-335.8743534837207
-29.932387304186324
-88.26776207112653
-67.41792967321076
-45.90002900473662
-53.95205749691762
-294.2098178661198
-84.60333118155744
-151.16598577491948
-24.278295507206032
-391.40628396307113
-57.743178531961846
-108.63330519550595
-36.95930744023138
-173.1102300097265
-19.99570538421983
-227.08728181353945
-49.011510482245455
-87.45755680483329
-72.83488222257499
-189.9133325457353
-252.97168931570693
-33.26675905695135
-156.49336739653222
-113.85743470455745
-52.4110784960365
-73.57765748126718
-92.72659013341567
-51.98074709449987
-64.8936946596522
-182.3460756773398
-76.19995307063371
-49.312063945202766
-77.83869473963196
-126.93579504422796
-37.033666655782454
-2088.4760901630734
-178.04076072730604
-48.78392182072713
-97.2747400854622
-71.30973145905932
-71.69764706859323
-56.291124571795564
-106.74493273855661
-45.311427507896965
-58.92795764154611
-37.748161809783525
-35.906226472936
-15.419966048664763
-129.222007616456
-160.93140821027433
-36.592694884632095
-86.53977652730562
-68.19285944063402
-62.76050724002648
-28.105659736064425
-38.13044389986077
-145.56898576338475
-54.05359457600124
-110.72496156394372
-12.216140504044633
-115.48483726770203
-22.665864051781295
-87.6239813083834
-232.5934172875472
-17.402542845110897
-201.07280402130192
-216.68007636577886
-148.16544237135292
-42.80502207606724
-21.71896778632429
-32.81943752207229
-58.28329444112808
-148.09588440313456
-45.154239163951246
-140.4200520173574
-93.31799655404043
-73.06404896472358
-69.27739536187522
-76.13596089341041
-31.225048012896195
-102.39271317930724
-21.874422596545006
-38.81209428005115
-60.65188939180538
-44.846638390063724
-29.5611280178854
-220.0685828982942
-186.9864203129896
-48.85061482267196
-62.1869146895673
-213.94860668294217
-92.89605007317681
-61.63492380732207
-102.9936113648433
-46.92720755592628
-82.92858573335214
-43.19860165190462
-52.66242306645161
-63.328497258127015
-160.89373939944517
-8.305992733444086
-138.85506415425004
-65.60688004279046
-46.35082469547477
-29.805875739023882
-55.407359952553584
-219.8465091804935
-82.45736230729152
-111.43060338587867
-185.48395311605609
-270.1089116788203
-435.70598996573574
-70.38112821123791
-68.5290148305078
-95.71491036051813
-60.20237461474694
-53.252145598028214
-91.74350103402136
-105.30655018505199
-34.61126692844015
-178.76101209769388
-53.341838937419894
-16.08905408533833
-304.53400789521515
-194.17652192904083
-35.81852538504364
-19.523487822937962
-28.155422118068035
-40.65839127247924
-109.06571934518507
-60.91960118816993
-31.81151486819532
-109.14150217753524
-30.49902717295416
