[0.19896762198905754, -0.2760793734624396, 0.15003358980933146]
[0.3495992907028946, -0.2679982682324933, 0.25549735389666267]
[0.3088371455633885, -0.21364479807735112, 0.29997743019967327]
[0.3083115533910746, -0.21186172151519678, 0.3000444651433468]
[0.3671470502754212, -0.18352162674857794, 0.3002683772492825]
[0.41707429164773363, -0.1481735510105952, 0.29995584482797855]
[0.41764944225419676, -0.1476986570220749, 0.30006995707822837]
[0.41765006793835824, -0.1476977519810198, 0.3000709790128646]
[0.4176731841423865, -0.1476820393474526, 0.30010352148029834]
[0.41767858874138064, -0.1476628555309876, 0.3000250827521119]
[0.41767533865158313, -0.14764187836122328, 0.2999549004659337]
[0.41770392265291767, -0.14763022632570483, 0.29995019443128823]
[0.4176811776573789, -0.1476802992058065, 0.2999334299433314]
[0.41767071871537126, -0.14771868881667885, 0.2999197415810386]
[0.4176730899742015, -0.14771849361092432, 0.2999397976113952]
[0.41767740771319006, -0.14770059414317555, 0.2999750092554412]
[0.4177063757328488, -0.14762272240206642, 0.3000011807795495]
[0.4177065930243347, -0.14762213759310142, 0.30000137970584284]
[0.47975000485440195, -0.13244357699595116, 0.304900801303268]
[0.5278893123704852, -0.10824401660906158, 0.3002579424908104]
[0.5298442059481383, -0.10690245050975816, 0.30006775731633023]
[0.6012658212901377, -0.06413089859189092, 0.25610107196652104]
[0.6409409996614297, -0.06531791331695519, 0.24502277600019493]
