[0.1989164673152718, -0.27603974516475493, 0.15002280031098564]
[0.2784339009132818, -0.2312865224874726, 0.2411750307400392]
[0.30814877040072075, -0.18556861435865718, 0.30006266121777386]
[0.3081487704007205, -0.18556861435865799, 0.3000626612177743]
[0.3693614184711541, -0.14317935489117134, 0.31369449799480015]
[0.4156569175534815, -0.09716749597273458, 0.30055233141088117]
[0.41724682998778206, -0.09530618860409254, 0.2999621102806359]
[0.41725949788529776, -0.09530100754415152, 0.2999891690614711]
[0.4173015308360282, -0.09527528809451412, 0.3000704540277931]
[0.41729875064156713, -0.09522690817013814, 0.3001792828735483]
[0.4172580530453238, -0.09525846038536485, 0.3001959299278032]
[0.41723320136221054, -0.09521353214274074, 0.30020782336439494]
[0.4172212465016897, -0.09520126326138885, 0.3002857477265689]
[0.4172562125018291, -0.09520056430533863, 0.3003098437388596]
[0.4172365526728835, -0.09526260551966284, 0.30024561384614956]
[0.4172317479774734, -0.09521678851503511, 0.30013240768085636]
[0.4171947852357236, -0.09526084789546543, 0.30003845656850814]
[0.41722076998035296, -0.09528272617378974, 0.29997533735877563]
[0.4172198047862834, -0.09525153616377069, 0.299911805288313]
[0.4172116259398932, -0.09522982382967582, 0.2998766747504146]
[0.4172193676874947, -0.09519957501417549, 0.2998801021903091]
[0.48072325470846977, -0.07523455147328983, 0.27349064990162897]
[0.5285995298777287, -0.024522196733922225, 0.29861892649492927]
[0.5296411230939082, -0.022629039252631294, 0.29995111866736734]
[0.5926890961644333, 0.03681687979732305, 0.23188844025449087]
[0.6415886143121162, 0.050125483974993015, 0.24430978011765514]
