[0.19904742125639358, -0.27600987410077993, 0.15006807432051988]
[0.2645005756425726, -0.2575479512661271, 0.23087602166731305]
[0.3080835789760692, -0.21214982534385488, 0.29988749421438166]
[0.30834954134487735, -0.21176098955737907, 0.30008278891648427]
[0.3083853205652512, -0.21174782302865863, 0.3000857835179928]
[0.315013486864411, -0.2092179786696795, 0.3005165388948294]
[0.3257766456290579, -0.20479453411481674, 0.3011208070465287]
[0.33925719874879984, -0.1986213587392557, 0.30159629053021547]
[0.36055194652121236, -0.18750990077518698, 0.3019254346754264]
[0.3807974051248003, -0.1751634751514513, 0.3017265353974317]
[0.39467688894611525, -0.1655278237593562, 0.301267956795566]
[0.40630734172736643, -0.15686810043675636, 0.3006955699261741]
[0.41256305645235053, -0.15190283469411014, 0.30032862422145545]
[0.41547686522200916, -0.149493407464575, 0.30014503147865385]
[0.4176748574297676, -0.14762745822427942, 0.2998819950169842]
[0.41767485742976795, -0.14762745822427858, 0.29988199501698415]
[0.4177929205519524, -0.14779833857432984, 0.29827157150337785]
[0.41776396747801503, -0.14765708736362665, 0.2999059405587901]
[0.41776332444517117, -0.14765626505409926, 0.2999202240729636]
[0.480858691448354, -0.13518311551510012, 0.30935171223796043]
[0.5290706170509268, -0.10731898309842863, 0.3001936555032765]
[0.5298286942211838, -0.10676801021086729, 0.29991267374530106]
[0.5921580797558169, -0.07117662546157721, 0.23337256083625638]
[0.6411893400031963, -0.0655811640057687, 0.24386233146422956]
