[0.19896167712674764, -0.2760381190002532, 0.15000422317530582]
[0.2531347900326805, -0.24552357147060744, 0.20379945209313693]
[0.30743859171294485, -0.16255218206727778, 0.2984923465827075]
[0.308013973667213, -0.16082796287802067, 0.3000896743558492]
[0.36512299580382857, -0.10325998555897896, 0.3394403898144752]
[0.4158507462780543, -0.04694257980379457, 0.3016419579613114]
[0.4168850337131965, -0.045784089152059226, 0.3000418709072081]
[0.4087223613564791, -0.04354237702449451, 0.2773679032482738]
[0.4166790117939459, -0.04544072182446934, 0.29922746100473585]
[0.41690499185047414, -0.045714545173788174, 0.299959705173134]
[0.4781034154723857, -0.0008147248651972638, 0.3161349874052531]
[0.5274769566399076, 0.05660884848393244, 0.3013015886754053]
[0.529483580741027, 0.05965219899742333, 0.3000229522206845]
[0.5528763667136434, 0.07219257274958543, 0.28598724018798727]
[0.6031114616097557, 0.1106401536846949, 0.2552955431585239]
[0.6366168850121063, 0.15449766565836057, 0.2444453280612562]
