[0.19911483681202713, -0.27604648634773626, 0.15005876337362753]
[0.3166722416184984, -0.24663684002904415, 0.2186818399269143]
[0.3761653415031709, -0.20394529514814114, 0.26998242971463876]
[0.376167627525401, -0.20394308627355012, 0.26998478703815904]
[0.3776132267259726, -0.20382387311951614, 0.2704466483108743]
[0.3816948945208728, -0.20349245832542068, 0.2719417695513394]
[0.38838970063762934, -0.20266306376917592, 0.2742206279330438]
[0.39711275244036154, -0.20153994505756562, 0.2772111393906948]
[0.410521871615068, -0.19937264122692303, 0.2817977770277487]
[0.4253508770319714, -0.19642053400264237, 0.28685549578934055]
[0.43997380629063354, -0.19295103267985686, 0.29173722471486296]
[0.4470383841841137, -0.1911474191367775, 0.2941155443246849]
[0.4573354176155926, -0.1882611698209122, 0.29762172838611906]
[0.4598419017831278, -0.187489450180074, 0.2984627926126901]
[0.46303277726768755, -0.18646582023088565, 0.2995162561499816]
[0.4647867247349981, -0.18595808027650948, 0.30007334807378705]
[0.4647867247349981, -0.18595808027650948, 0.30007334807378705]
[0.5165982554191509, -0.14758464372923408, 0.2734751930726666]
[0.5522242684109907, -0.13713624858347165, 0.29762234811348126]
[0.5533873454062248, -0.13768223496705023, 0.29999749751879395]
[0.5826076666589404, -0.1385863146006924, 0.2494022075341437]
[0.6127847877114605, -0.123573226272788, 0.28834498018271065]
[0.6130337208235314, -0.1233077964465352, 0.2889981240991156]
[0.6130340610535798, -0.12330722664585646, 0.28899769048255747]
[0.6166440623409123, -0.11720902432176275, 0.2842919015613763]
[0.623392910109795, -0.10522037623578881, 0.2751978410930096]
[0.630350404542489, -0.09171644951417009, 0.26478357323546]
[0.6375371499363849, -0.07623939542285796, 0.2528367084208267]
[0.6392284649980132, -0.07235802712413715, 0.2498416078272754]
[0.6411314118906862, -0.06786892291918992, 0.24638017406094562]
