[0.1996280655599756, -0.27638891719987296, 0.14971224736332492]
[0.43827985907776557, -0.12218463784661923, 0.23651155916047]
[0.37704461939195394, 0.16411782155788213, 0.26989879164906494]
[0.3762796977006322, 0.1647925254166005, 0.26993908563254426]
[0.4300979337465861, 0.21750609827115158, 0.30494581244882835]
[0.4644630811407907, 0.27395415621017644, 0.29997818932538994]
[0.4647885110659434, 0.27501738721735003, 0.3000268124955337]
[0.4993657614122424, 0.30205431678606776, 0.2698452462373834]
[0.5530953426908116, 0.27533511833292074, 0.29978742770124156]
[0.5534189140388989, 0.2750235146792728, 0.3000745276058958]
[0.5534771895231709, 0.2749778638404949, 0.30007449876164305]
[0.557989518611695, 0.27151945686334755, 0.3001154488278257]
[0.5652087949708393, 0.2659292265991981, 0.29999004476478325]
[0.5743829731174717, 0.258347435192782, 0.29968709698856133]
[0.5880259359886404, 0.2461168182998843, 0.2989544027933708]
[0.602195762276738, 0.23211138493155778, 0.2974278679601313]
[0.6168457674970843, 0.2159676659348546, 0.29521675958927784]
[0.6234391954568865, 0.20806580493306914, 0.293924628935685]
[0.6337591887707696, 0.19485307760594298, 0.2914062032673402]
[0.6362070205191035, 0.19154666150036348, 0.2907391606890929]
[0.6395833932889105, 0.18685619455758873, 0.28980139836947993]
[0.641764400408354, 0.18369202588407021, 0.28917505845661406]
[0.6420242544819733, 0.18329585238252233, 0.2890989365902144]
[0.666635872847054, -0.005353136186901794, 0.24891817398523322]
[0.6444323960234897, -0.1738300166170145, 0.24441870158062506]
