[0.1990644156621436, -0.27610263356594733, 0.1500282820639986]
[0.2716302043835533, -0.2922156046405019, 0.23589189374707084]
[0.335687137391284, -0.27535847942876496, 0.2700424041932959]
[0.3362174276002221, -0.2751265229292342, 0.26998827894550687]
[0.358288394116839, -0.2633737925105593, 0.329548753556134]
[0.37611978855256606, -0.27456021030602895, 0.3024531643174403]
[0.37716530757309286, -0.2748719387018984, 0.30004401777284456]
[0.36948913962349395, -0.2660792811176686, 0.35028940699510525]
[0.3772939195653858, -0.2746412846677857, 0.30099620041015673]
[0.3772514843714357, -0.2749629021204527, 0.29998941374745924]
[0.38981590627932056, -0.2682637526209516, 0.24894348130498695]
[0.4046442169584389, -0.25675006406418666, 0.2686664626368739]
[0.40475994126752474, -0.2566535144204378, 0.2690385430676681]
[0.4850857792450804, -0.22795152125138618, 0.19654202780068286]
[0.5406208062602758, -0.1843448408540011, 0.14585494229633572]
