[0.19907678739768817, -0.27600528616183156, 0.14998250099600824]
[0.26580196838648823, -0.20629440667070342, 0.23452459216941932]
[0.2871071956705869, -0.16118040340404283, 0.29999471559948115]
[0.2871071956705869, -0.16118040340404283, 0.29999471559948115]
[0.3358334072867716, -0.10659711530268937, 0.296339829403795]
[0.3731634936412632, -0.05073854393829899, 0.2996888613980696]
[0.3753846874294378, -0.046458032980482816, 0.29998686689639437]
[0.3728198982505682, -0.05053894814850582, 0.2910771765724587]
[0.37529104792335194, -0.046575878584736885, 0.29959825321751643]
[0.37539473241871274, -0.046451710000501245, 0.2999619374161498]
[0.5170795764846522, 0.023181094565186827, 0.3054813032539073]
[0.4597774584145485, 0.05815436984602629, 0.3000190688250391]
[0.45873172246241617, 0.059327789557594116, 0.2999848934501052]
[0.5082379448328461, 0.12371298784334415, 0.1909299173071652]
[0.5398447433618756, 0.16385526029688613, 0.1456736125017602]
