[0.19896863762808437, -0.2759688208315775, 0.1500198757884724]
[0.3237269377405526, -0.28665207895680733, 0.36345598285165176]
[0.3361125255478208, -0.2752263493108279, 0.5100326917892397]
[0.33611252554782123, -0.2752263493108275, 0.5100326917892397]
[0.37564727588830027, -0.28897581610812617, 0.5537741629660112]
[0.4044683124767238, -0.2753258625880775, 0.5994745433155347]
[0.40470339692158047, -0.2750406647115895, 0.6000122343372084]
[0.404706368618113, -0.2750407543678884, 0.6000116790039598]
[0.4071020915009906, -0.27521398345482334, 0.5994327591194694]
[0.41142370900117425, -0.27557831076531036, 0.598257305713727]
[0.4171420484426004, -0.2759959812114908, 0.5964083018774073]
[0.42646420747113484, -0.2765519235790243, 0.5927330408694989]
[0.43711754620732346, -0.2769114505297199, 0.5876051471834538]
[0.44935539017171283, -0.2768407795896729, 0.5808042650920211]
[0.4558480081894878, -0.27656282969254703, 0.5768324879988687]
[0.4652083341773661, -0.27587492173811384, 0.570761710156085]
[0.4677968454371624, -0.27561411188500023, 0.5690099765943729]
[0.47111546573323243, -0.2752288936637893, 0.5667135407818649]
[0.47328974569589943, -0.2749638972095618, 0.5652040634264525]
[0.473289745695899, -0.27496389720956227, 0.5652040634264527]
[0.4736578687840839, -0.2746243108291196, 0.5649350530006966]
[0.47764077013955136, -0.2706927353533763, 0.5620755856322008]
[0.48909298592003225, -0.2584608901360734, 0.5534368388243422]
[0.4973746481924384, -0.2490802063842305, 0.5467402288660397]
[0.5149619034239592, -0.2272263868170878, 0.5310108038991999]
[0.5221140476927985, -0.21749105791730736, 0.5238573496380493]
[0.5333061628178706, -0.2010923080475751, 0.5116199748332513]
[0.53629973500633, -0.19642637869692903, 0.5081106926010641]
[0.5397251064462962, -0.19091369971010602, 0.5039608020081404]
[0.5418289707841737, -0.18736790341145027, 0.5012555767378397]
[0.5420529292274856, -0.186960221149731, 0.5009570610602818]
[0.5707453199796466, 0.08798865964277747, 0.29249623032740424]
[0.5422104730548132, 0.1658232685141537, 0.2469865576645946]
