[0.19897744165471698, -0.2760738731534601, 0.1499435021071481]
[0.29798429687437317, -0.2217892114412674, 0.24723398077466985]
[0.3761519230922227, -0.08159168013556385, 0.27003494184920745]
[0.3761519230922229, -0.0815916801355645, 0.2700349418492076]
[0.41835548428266767, -0.0653522039244285, 0.2937167388665428]
[0.46267294623171473, -0.03488953128583461, 0.3001668360893528]
[0.46484848579637256, -0.033121381003510725, 0.30003735582335356]
[0.512871319602135, 0.010324174339360871, 0.27069290353229153]
[0.5529537129624263, 0.022759640527752173, 0.2992031740398502]
[0.5533641910294472, 0.0225617011244664, 0.3000983676835277]
[0.5531558554687513, 0.0502445151612001, 0.26554763399436626]
[0.562079480385603, 0.029372032363703643, 0.28804742293657243]
[0.5623934308393564, 0.02810905811468989, 0.2890486911057964]
[0.5623934654329269, 0.028109072543961944, 0.28904869744221984]
[0.5651476886459996, 0.029209902981572777, 0.2895140508899059]
[0.5717768728812525, 0.031847807579654636, 0.2903935287054211]
[0.5772550118578058, 0.03380923829531385, 0.29062213203261217]
[0.5885748597885807, 0.037471618798075784, 0.28970478977479963]
[0.5979929551116739, 0.04015324755010988, 0.28727219640988333]
[0.6102201569302316, 0.04321461133063528, 0.281380719860908]
[0.6218193786129795, 0.04570356046959426, 0.27238359858546274]
[0.6297210877920437, 0.04744916257735157, 0.2637426221075878]
[0.6348284483405577, 0.048495735353501546, 0.25687911831266885]
[0.6389071191344613, 0.04938618206347528, 0.25042017985884146]
[0.640888140526017, 0.04984799871172388, 0.24688959182314987]
[0.6415041299724017, 0.049995275499219255, 0.24573376897932697]
