[0.199173220446993, -0.2763203107114787, 0.14994812166921756]
[0.32230133354857887, -0.1814242561752888, 0.21644254300311283]
[0.3755594029576789, -0.07659550014543837, 0.26891001093296796]
[0.3762322722188771, -0.07425682625146904, 0.27000799362333777]
[0.4933396971590802, -0.13500226506066831, 0.3234934497677775]
[0.46523724721633786, -0.023791128075787843, 0.3003354672354224]
[0.46476000513571647, -0.023809366601027615, 0.3000779481197806]
[0.46477164084667777, -0.023803172694769337, 0.30007944758502336]
[0.468403501739848, -0.021781529266357402, 0.3005240655053002]
[0.4744109548573917, -0.018454355313006238, 0.30131105719555895]
[0.48218153453577556, -0.01416833090181005, 0.30215556252773945]
[0.4937351823286471, -0.007893881288454196, 0.30311012929246883]
[0.5058784278250209, -0.00124643792916454, 0.30361487341394483]
[0.5198968434125562, 0.006362411984499439, 0.3035642876869224]
[0.5310765916664469, 0.012246492288645078, 0.30294120870569863]
[0.5388315514256276, 0.016434579220314355, 0.3021774676865999]
[0.5457020222846424, 0.020048823525166293, 0.30120410384270835]
[0.5493249528348789, 0.02193886496634892, 0.30063896352541514]
[0.5515456407941889, 0.02311631653972432, 0.30030191137841095]
[0.5532704517950406, 0.023980441628205174, 0.2998984606687807]
[0.5532723351497294, 0.023981384101464387, 0.29989801014498413]
[0.5843584181506292, 0.0532814517450062, 0.2794950368693355]
[0.6113410229528098, 0.030325686819799552, 0.2887115332250089]
[0.6119479003687108, 0.02929187276719633, 0.2890025838851631]
[0.6119602290357902, 0.02930192919317276, 0.28899157273873755]
[0.6138912469735289, 0.030858812983340145, 0.2870312000660347]
[0.6169621679882817, 0.03332954156974369, 0.2836878981915838]
[0.6207531202191358, 0.03615810226191973, 0.2793534737512231]
[0.6266943530168196, 0.04041129274503641, 0.2715770426649081]
[0.6322522815267771, 0.04408257479789618, 0.26319075010147]
[0.6360048738652232, 0.046474267631696986, 0.2568238420802267]
[0.6391531612930742, 0.04834230787666044, 0.25094539713018177]
[0.6407598733111945, 0.04931179209327491, 0.24769610428055117]
[0.6414593607941622, 0.049747276018365316, 0.24622048675055055]
[0.6420585215667169, 0.05004918167857783, 0.2449732978771459]
