[0.19898412424820316, -0.27605129160953346, 0.14995626390921882]
[0.3565647501296646, -0.3467668262587615, 0.24047006008603256]
[0.3764678709067171, -0.27508609027791275, 0.2699801318254856]
[0.3761870142860299, -0.2751003330317541, 0.27000818224492773]
[0.41959683455833785, -0.2827100478675554, 0.2622353273950535]
[0.46405050600571895, -0.2753805993748925, 0.29904702706490965]
[0.46479870257763317, -0.2750776036933512, 0.30004693150643763]
[0.46479887255695174, -0.275077542730246, 0.3000469280163971]
[0.46868005849761696, -0.2737143848180186, 0.2999860263939437]
[0.478262300192138, -0.2703074261766982, 0.2999024033865718]
[0.4858734667369471, -0.26744277322022153, 0.29979436674679516]
[0.5021339763361121, -0.2611286951789986, 0.29956774472364484]
[0.5151278333262175, -0.2559105626019028, 0.299473071032721]
[0.5300027824111465, -0.24977976031280436, 0.29950118717194263]
[0.5368265437451725, -0.2468723355929076, 0.2995695471559577]
[0.5465162004763019, -0.24278346819244856, 0.2998189315749884]
[0.548948624740697, -0.24177087342809317, 0.2998900956345161]
[0.5518656583954311, -0.24056281369051324, 0.29996568614056335]
[0.5533918333262888, -0.24003442778233072, 0.30007358462570466]
[0.5533918333262885, -0.2400344277823317, 0.30007358462570516]
[0.6026955115490278, -0.24507583311904022, 0.30549295938222454]
[0.6410483783618198, -0.22935727168179004, 0.3090339756188319]
[0.6419988507623188, -0.22865111407674255, 0.30912766592212704]
[0.6434948202853263, -0.19993189837350733, 0.3168726904900102]
[0.6420108959529978, -0.18327625824165902, 0.3444301009741679]
