[0.19891362115155045, -0.27599390295336185, 0.15003672350761726]
[0.35478055311506707, -0.06826102924059319, 0.1856717189934961]
[0.336282027879098, 0.16477192138926838, 0.2699796870700467]
[0.3362185221980208, 0.16490435297489148, 0.2700369089053199]
[0.3761784050073895, 0.22286377117848266, 0.28729145757329505]
[0.40444876064587687, 0.2744266310243594, 0.2999102863568749]
[0.40476444028682457, 0.27502691376078225, 0.300070952449007]
[0.4363017952682719, 0.28919796093749073, 0.2741281221032634]
[0.4724387894564178, 0.27580551506999496, 0.29895018576338084]
[0.4733714178241032, 0.27515109290053563, 0.2999430965726363]
[0.49130304594610397, 0.258941948383936, 0.2675028327757419]
[0.541361224820715, 0.18477207635581194, 0.26908105639735524]
[0.5420468958612685, 0.18348466649834386, 0.26901766735964056]
[0.5749338177227223, -0.02365866412792539, 0.1996166682335713]
[0.543740624678311, -0.17821856610473405, 0.1466381754921694]
