[0.19908283113582556, -0.2760198546536524, 0.14998265451772988]
[0.3031045435206037, -0.3137072424289517, 0.24856152023914477]
[0.30889474169396025, -0.1862606191545776, 0.2999023308988557]
[0.3082104797428743, -0.18568436317015652, 0.3000477675226258]
[0.37406991209886375, -0.1394229990196837, 0.3028054461979108]
[0.4162194366709811, -0.09636143294928141, 0.3001753759415793]
[0.41722525305004093, -0.0951517563522313, 0.3000634735542656]
[0.4181322707606402, -0.09602619793747103, 0.28033778537062304]
[0.4173466142581021, -0.09518136622055387, 0.2999433320997167]
[0.4173370209127503, -0.0951762617647069, 0.30008500405819183]
[0.476836574263907, -0.054319197412871806, 0.33592838491415344]
[0.5287684828178503, -0.023001077465179667, 0.3006502946864778]
[0.5296750447248404, -0.022568832008338202, 0.29984486660421716]
[0.5923614883220454, 0.036601715442135176, 0.25364709990688966]
[0.6413212420645393, 0.05016116551044093, 0.24479041243986682]
