[0.19917728960779268, -0.276240696147635, 0.15028936823189426]
[0.30382774748581276, -0.3798600292038762, 0.2246701195990936]
[0.37649121331486324, -0.275532983077674, 0.2741009257934104]
[0.3763228255366227, -0.2752243289714375, 0.27415013379010966]
[0.4186338305785024, -0.2856357426022581, 0.27173755480202527]
[0.464697197280422, -0.27509081584906825, 0.3049962942871916]
[0.4648671784813142, -0.2750004532050474, 0.30520763628414704]
[0.4928285211683388, -0.28538955767308855, 0.26593603191586135]
[0.5525847382140994, -0.23221849017565388, 0.2993146705885256]
[0.5534439609616093, -0.23102844485217106, 0.3000319400447904]
[0.5881456109379926, -0.21548678828698645, 0.21387802855650795]
[0.6326461963468878, -0.19795724949129734, 0.28829629868819223]
[0.6327860705270811, -0.1979771852338195, 0.2889736725086272]
[0.63965192146524, -0.12288632851206839, 0.23409220271791037]
[0.6420384634744248, -0.06627631863680564, 0.2448142546182629]
