[0.19891374429224926, -0.27596948375376307, 0.15003841565400497]
[0.30246056074667826, -0.017590503416153598, 0.2422265455426422]
[0.199025554337106, 0.16474477508371996, 0.26999961047459153]
[0.19902555433710584, 0.16474477508371985, 0.2699996104745913]
[0.22354932501082503, 0.22840591328884513, 0.3186071903691027]
[0.2665084576617416, 0.27377694763323945, 0.3008408959543557]
[0.267660996140243, 0.27503359408843053, 0.30001730609803734]
[0.29441394435247187, 0.26651792636763244, 0.36059345889081973]
[0.3361561292632075, 0.2749205034701142, 0.3004435402386982]
[0.336247565943817, 0.27501344337968137, 0.30003948831254545]
[0.3670958032531978, 0.26509751251536673, 0.2981321263264141]
[0.4037022720849647, 0.253354937087822, 0.27017101514668884]
[0.40477560531202594, 0.25303194816318764, 0.2689408200575697]
[0.40548865373669146, 0.2527685075516849, 0.2686036053573281]
[0.4105031285175913, 0.2509091284467642, 0.2660820798214455]
[0.4243110082438877, 0.24546289549655043, 0.2584501340491171]
[0.4353483955831403, 0.24066885601258647, 0.25168752168764563]
[0.45855233639421483, 0.22920473385712817, 0.23567358248476458]
[0.4767734921846343, 0.21877952898992548, 0.2209663253043651]
[0.49909167444399405, 0.20375597141013338, 0.19990091467697135]
[0.5152995775218729, 0.19097957918222344, 0.1817589659664783]
[0.525413621373449, 0.18197333378012878, 0.16911280246688615]
[0.5342686865928394, 0.17327662860798862, 0.15682142345101363]
[0.5382170087222081, 0.1691127220869004, 0.15087522511836754]
[0.540747600378893, 0.1663410558853927, 0.14693935019091203]
[0.5420064502013863, 0.16493526639535736, 0.14509317402834365]
