[0.20068478172836599, -0.2764786265339674, 0.15048967643603453]
[0.3327130091335323, -0.2473616760798305, 0.2688976148970727]
[0.3758930043523417, -0.27498056499348467, 0.2703465899795242]
[0.3761058228172048, -0.27516743232926655, 0.26997333199607143]
[0.42029174541342285, -0.2756629406654989, 0.2487333850662012]
[0.4645890654971277, -0.27501251093969253, 0.2995657520863632]
[0.4648187898285137, -0.2749658588128376, 0.3000317510868752]
[0.4649246299404447, -0.27496843134740967, 0.30005161654327134]
[0.46732234111043475, -0.2751090594527839, 0.3004556232528308]
[0.4745569855893155, -0.2757971255413005, 0.3014399705621421]
[0.4802124207743772, -0.27624744693196884, 0.3021298211717275]
[0.492764359727622, -0.27695288303904614, 0.3032860232871225]
[0.5047023980224776, -0.277444862476964, 0.30368783340295535]
[0.5162464385854756, -0.27750087720697736, 0.30362643934942746]
[0.5295721374290295, -0.2771621891831499, 0.30298193313172517]
[0.5386942819761121, -0.27653660353091297, 0.3021150340838992]
[0.5447416658026011, -0.27603764981358475, 0.30132268820628344]
[0.5474019426154217, -0.27578594789635286, 0.30093629107172293]
[0.552129274863282, -0.27520364493155725, 0.3001710802879697]
[0.5530193023565483, -0.27505252697584165, 0.30000076527989655]
[0.553304929298354, -0.2750003990934912, 0.2999542862305507]
[0.6307088591591655, -0.11270044189751977, 0.2727099824966916]
[0.6424808659680882, -0.1829033418135424, 0.29009230816838555]
[0.6419360813808302, -0.18700857316272923, 0.2889778052721099]
[0.660143837147281, 0.0620274614008586, 0.25908951363576654]
[0.6422683246892736, 0.16365362574569425, 0.24467958902102765]
