[0.19890816145470788, -0.27599418155574235, 0.14988508449697466]
[0.34443997920370856, -0.34628747782245106, 0.2191690023185221]
[0.3763571683683659, -0.275276733158186, 0.2699773802281656]
[0.37620913379472076, -0.27522664017357124, 0.27007305798675707]
[0.41748272761293215, -0.28743841077333276, 0.2595077783150108]
[0.4637409983948309, -0.275660528237407, 0.29844263896937084]
[0.46483354267288035, -0.2749921689532809, 0.3000735268506119]
[0.5211100055499327, -0.26840414776987126, 0.2929817380287492]
[0.5526928550028344, -0.2745605221299322, 0.2995511342147068]
[0.553513362327088, -0.2750204098843039, 0.3000560391311817]
[0.6167766627463788, -0.21050051573695694, 0.27594334422468103]
[0.6416266624879152, -0.2093319085909333, 0.2886565600337065]
[0.6419274681723917, -0.2099815914006098, 0.28912912592500395]
[0.6420330553336352, -0.20955294067157856, 0.28905916427183154]
[0.6436842294679156, -0.2025644072755593, 0.2880465966600208]
[0.6480943525133869, -0.18135627320907327, 0.2851125590289562]
[0.6510291406030886, -0.16463220094169492, 0.282712988220611]
[0.6555541763635256, -0.12863861829486556, 0.2772084362147865]
[0.6576949747119973, -0.09392986649324143, 0.27159447854267293]
[0.6573217362540367, -0.05202591991151648, 0.26442468410951525]
[0.6550376349334434, -0.022404229996399766, 0.2590640784344095]
[0.6514244210739917, 0.004700352964053273, 0.25390609555565874]
[0.6484601221109862, 0.02139122835141359, 0.250698597584651]
[0.6445809593352556, 0.03954713210696591, 0.24714945351289314]
[0.643534700178885, 0.04388983698215118, 0.24630125390595836]
[0.6424386330248619, 0.048247040047673606, 0.2454360317804093]
