[0.20016001096489955, -0.2762766961867473, 0.1501753475178137]
[0.36949929082024746, -0.07664065512441982, 0.1726394172848459]
[0.3764137991382343, 0.16421875152011844, 0.26971354622204713]
[0.3762362956013342, 0.16474100379570358, 0.26999611322094863]
[0.42363008489672266, 0.23573890714490536, 0.27042715009014606]
[0.46387091690185484, 0.2746205701644081, 0.2988943795549087]
[0.4647593312348002, 0.27495233026180793, 0.3000174731879585]
[0.46475965419834786, 0.2749523071388265, 0.30001750303104857]
[0.46799832249481355, 0.27478458128325683, 0.3003096191523555]
[0.4758808623617507, 0.2745025642608857, 0.3009822965714909]
[0.4819517391898718, 0.27420095848715975, 0.30125022796647355]
[0.4956381344204786, 0.27351604072114133, 0.3015071423960523]
[0.5063735087386848, 0.2732040761581178, 0.30154472828704615]
[0.5200160886468967, 0.2729355036142289, 0.3011085844497394]
[0.5327760869926759, 0.273164546048918, 0.30068321000412906]
[0.5411161215450858, 0.2735802854534598, 0.30041324864567753]
[0.5465974727516806, 0.2741337272784079, 0.30009113695519]
[0.5486985331298533, 0.2743700765500508, 0.300035842860406]
[0.5514715313373433, 0.2746835812676595, 0.3000704157123062]
[0.5532495067689287, 0.2749846281429772, 0.29995058580888223]
[0.5534970954050642, 0.2749464714598012, 0.30003746920192603]
[0.6192275904018576, 0.19079221250848583, 0.2405978942304483]
[0.6419448085735399, 0.20567137868425367, 0.28783384489736397]
[0.6419615243779553, 0.20678010093127744, 0.28905739915817324]
[0.656552723580088, 0.022718852197767717, 0.22640574047011805]
[0.6421351190021838, -0.0653007221875191, 0.24430575100511828]
