[0.1990127802536008, -0.2759530754186228, 0.1500509116785569]
[0.3645247188327531, -0.11756462177880772, 0.24779366811406683]
[0.3762188351112705, 0.10998283627122975, 0.32610428142200515]
[0.37621883511127024, 0.10998283627123054, 0.32610428142200487]
[0.4290547018266825, 0.16612832645315254, 0.32697701833408743]
[0.4644850520158951, 0.20600796626637458, 0.3693487902633528]
[0.4648300534044799, 0.20638385148898322, 0.3703065319624169]
[0.46494815230512004, 0.20635602790197205, 0.37022889031408796]
[0.4672291571380872, 0.2057681927950208, 0.36868139321811755]
[0.4742439928688729, 0.20373366438523677, 0.3638115915189697]
[0.4813887030454416, 0.20156119105878026, 0.3587360576743951]
[0.4919388564292111, 0.19809797284640496, 0.35116840919539655]
[0.5036087529924101, 0.1940989339628693, 0.3425595125180972]
[0.5175951792080824, 0.18890755564816503, 0.33195366650198016]
[0.5279382540907209, 0.18483249346288239, 0.3237939814538813]
[0.5371333283379476, 0.1811188459749139, 0.31635931670605716]
[0.5431490933907811, 0.1786438971153308, 0.3113465845824123]
[0.5486749086820334, 0.17626622109280882, 0.3065630592482945]
[0.5510957890189419, 0.1752742589655473, 0.30447062834163874]
[0.5526777803773995, 0.17465704171687407, 0.3031204470288733]
[0.5533518712823526, 0.174352202080543, 0.30253577063679843]
[0.604963482913706, 0.018735680553149253, 0.3160690874190776]
[0.6214484844892125, 0.1666256092818914, 0.2952659476459366]
[0.6206025199023828, 0.17234593038187926, 0.29105266992432544]
[0.644983013823109, 0.07795216247041914, 0.2580188577354177]
[0.6421752160809999, 0.1634432073517805, 0.24466023140357512]
