[0.19905104940101448, -0.2760595658807357, 0.15001625156539194]
[0.4178686989584967, -0.11063174480380927, 0.2056061824839332]
[0.33620535089548176, 0.1648344572715244, 0.2700441564515175]
[0.3362053508954813, 0.16483445727152413, 0.27004415645151664]
[0.36082081324503085, 0.23279606864154828, 0.2933695305789699]
[0.3716436050341948, 0.273962124578218, 0.29985385094316985]
[0.37187341546743763, 0.2750485939327284, 0.29995455624358514]
[0.3732676011925547, 0.27452393444930195, 0.28302247144100307]
[0.3718967053783806, 0.27509326610900425, 0.29953100267485344]
[0.37184394251254005, 0.2751100265291382, 0.300032205958614]
[0.3891862320812759, 0.26434150529751355, 0.28518152393303337]
[0.4044884080477077, 0.25317054231122205, 0.28874070208293234]
[0.40476123891408333, 0.2529537939120877, 0.28896808748013386]
[0.4759420769338059, 0.22567378665522456, 0.23900805446070408]
[0.5403549740705624, 0.16718306772783037, 0.24404254695394914]
