[0.19896118901034301, -0.2759374551888047, 0.1500108329158395]
[0.32145662544238507, -0.3018287062336007, 0.22667708934313405]
[0.30767382599759047, -0.18729779226443638, 0.3220215528403725]
[0.30748391967120203, -0.1871977991058206, 0.3221235015536308]
[0.363847052314688, -0.14594782992753738, 0.3430829267017601]
[0.4152215556023132, -0.09924281685607916, 0.32260261146274155]
[0.416002451324693, -0.09837180689027042, 0.3220808110849203]
[0.4091360934266899, -0.09658128125172905, 0.3596426001031644]
[0.41589868423109183, -0.09831758749892498, 0.32280112219070817]
[0.4159637883429285, -0.09840254676365495, 0.32224236587931404]
[0.4822156574938805, -0.04928882621269809, 0.29619689702642565]
[0.5286915689690463, -0.024230434943285223, 0.3215933611357821]
[0.6400190449846571, 0.048160628431978714, 0.34582373125690163]
[0.574452625592352, -0.21815183323047263, 0.27275194962518073]
[0.20126718106055982, -0.27725452655440364, 0.1497873596665879]
