[0.19919783917251815, -0.2762027698831511, 0.15014614573717394]
[0.37063030481388504, -0.09700981885468006, 0.20511664260206328]
[0.3771418386301408, 0.162060055207777, 0.26926400085680685]
[0.3761605874342175, 0.16487180071663954, 0.2700111684151153]
[0.4167124745983756, 0.23857940017662985, 0.2582421015892237]
[0.46311644993758605, 0.2748895575091601, 0.2979935675229357]
[0.4647466624757169, 0.2750062004300342, 0.30004963449320016]
[0.5126579033350928, 0.27095982020764453, 0.27894009083942445]
[0.5425706620045715, 0.27488044235800957, 0.29946553944792265]
[0.5429292305863579, 0.27502805854732065, 0.30005214890641774]
[0.5416834814578186, 0.23468229776501776, 0.265328360404219]
[0.5425480306702892, 0.18433990744231205, 0.30794127872958144]
[0.5425592135879773, 0.183455848955505, 0.30905484850305864]
[0.6136889421610876, 0.095379828960349, 0.3975621219589506]
[0.6429599591254287, -0.17668061539677388, 0.348617704999152]
