[0.1989944869702451, -0.2759806536114535, 0.15000206750022474]
[0.30038021206368437, -0.3211932671287978, 0.1999527485552262]
[0.2868566223322697, -0.2423367350322182, 0.299431441795926]
[0.2861787206901617, -0.24198080469447503, 0.2999438137834927]
[0.33296923752198704, -0.22807118690845182, 0.2629701679348738]
[0.37291383453070454, -0.20812579869183412, 0.29917809573534293]
[0.37324796017464623, -0.20790109182421002, 0.30008078407152416]
[0.37424910128951816, -0.20810162367159157, 0.28236760761276175]
[0.3732819587370191, -0.2078761871650458, 0.29994684561907786]
[0.37327779024353397, -0.20787595532312234, 0.29999687812616693]
[0.4170120945516871, -0.20018821753831026, 0.2916588802889638]
[0.45578421164653227, -0.19539049949688386, 0.29900739131790566]
[0.45771410496955356, -0.19535900278686613, 0.3000390875701662]
[0.5063963926507048, -0.13142927698817355, 0.1957057070275878]
[0.5418425724435456, -0.1812574888559626, 0.14640365123364288]
