[0.19901696477866337, -0.2760275244022444, 0.15006792238033667]
[0.3440931721597541, -0.1728618770590858, 0.24046138610172121]
[0.3762326610917015, -0.07142307847320661, 0.36568417008427934]
[0.3762326610917015, -0.07142307847320661, 0.36568417008427934]
[0.3759483091639166, -0.057701115389749175, 0.4803731426933029]
[0.46431537115377053, -0.02027284823439343, 0.4202956589915023]
[0.4647982556270306, -0.020289741289029467, 0.41967907415047534]
[0.5168399411794181, -0.018865289663258233, 0.36352668552749584]
[0.5533770279705601, 0.018666519032515483, 0.366531251080331]
[0.5534789150643336, 0.018918392638917453, 0.366694578499694]
[0.6109252200240045, 0.03122821139765336, 0.36576554957688584]
[0.6399120340973558, 0.025987097889292446, 0.3624869974968245]
[0.642037355355654, 0.025045461593642626, 0.36232965825604024]
[0.6420373616125349, 0.02504566788489053, 0.3623294912962895]
[0.6421157613647339, 0.02710020178690302, 0.36050690415958125]
[0.6422722674416351, 0.03195909598897423, 0.3564647171906219]
[0.6423230515188083, 0.036020107436566265, 0.35334835038452284]
[0.6422943710374166, 0.04219301135885184, 0.3492291681072865]
[0.6421791980218365, 0.046562391260814254, 0.3467093436807206]
[0.6420982903948138, 0.04874000019193364, 0.3455908362624816]
[0.6420688728539338, 0.04945805414315271, 0.3452421387421525]
