[0.1999152128131798, -0.2761944027953248, 0.14974122822576655]
[0.23826150559986944, -0.29451316281530093, 0.2249572200718971]
[0.30657770865603534, -0.24194854704633734, 0.29850754066903384]
[0.30850381947084404, -0.23959790091353658, 0.30005044332147734]
[0.3284722696017876, -0.2525734595139888, 0.2633191282986047]
[0.4177393093239723, -0.20342951955481903, 0.2996306964556306]
[0.4181068266771448, -0.20314082661235897, 0.30004085123598945]
[0.4174385303268047, -0.2062664241996148, 0.2760444475482683]
[0.4180855871076555, -0.20333326811330749, 0.2989869100766109]
[0.4180844435107262, -0.20321646689765116, 0.29993253119425556]
[0.4750614978260149, -0.21771047979008018, 0.2798254288920682]
[0.5272992017590514, -0.19518250822881344, 0.29826435906521387]
[0.530052524919786, -0.1929427921319779, 0.2999889730082645]
[0.5998049273565597, -0.18313509673185147, 0.2750389300200463]
[0.6402406857109159, -0.18283706251452586, 0.24659095133236728]
