[0.19905080852637122, -0.27596306187151587, 0.15003260145398215]
[0.37202157674042524, -0.3803916722127362, 0.3677840675906367]
[0.3363041713489482, -0.277184171718022, 0.5089523224775039]
[0.3362347669262524, -0.2752052488929084, 0.5100004959372623]
[0.37258961332135354, -0.2806781350457014, 0.559309892763372]
[0.4034858447710303, -0.27542102141383196, 0.5984111175660759]
[0.4047029437184158, -0.2749701132467593, 0.599895040209765]
[0.4400020165451427, -0.27963787006154756, 0.6036199141715637]
[0.47319683310699456, -0.2751115286673289, 0.5999922598955632]
[0.4734832210002703, -0.2750303670410079, 0.5999295721585702]
[0.5159876867611771, -0.25655498550626327, 0.528839343054559]
[0.541914074411154, -0.18788965369754074, 0.5089951444419065]
[0.5420459961886996, -0.18694443293538457, 0.5091125396239797]
[0.6090012399601565, -4.442220781691875e-06, 0.30577780774245306]
[0.5445855551336781, 0.16176466996205988, 0.14827717487145914]
