[0.19905083086616066, -0.27596530810746844, 0.14999960551075853]
[0.40545556707008107, -0.02587235510761783, 0.39559697328704074]
[0.3761089951996363, 0.16396239780363897, 0.5101995391562423]
[0.37613601977143446, 0.164773912214702, 0.5100354466379567]
[0.40849631531061276, 0.14752450176755633, 0.6304666921045101]
[0.46392963174218654, 0.27362260472973954, 0.6013696389796972]
[0.4648239053904451, 0.2749723240582754, 0.5999431502857038]
[0.5000512820563846, 0.30588384892104226, 0.5009606527508821]
[0.4801602424524608, 0.2752320203593407, 0.5994825851916297]
[0.4800697665494518, 0.2749958769054944, 0.5999109189776135]
[0.5222303709639872, 0.2866884806884708, 0.5139053515275401]
[0.5497704538424376, 0.23088476425452334, 0.528294903432351]
[0.5499135164848152, 0.23000360474953802, 0.5290506078123698]
[0.6243043329860553, 0.1623157180187364, 0.33651732897698283]
[0.6419364503355607, 0.05262754440645959, 0.24577663651021495]
