[0.19911654151921243, -0.2760011754452929, 0.14997905201012174]
[0.24549494073941355, -0.2626090296538486, 0.22214185992030971]
[0.2865185764190966, -0.21337638960860986, 0.3000663482233815]
[0.28652055735962445, -0.2133725611812426, 0.30006950883332073]
[0.2875625027588647, -0.21283736789583313, 0.30031945179434416]
[0.290629461848082, -0.2113469410076968, 0.30104984625978226]
[0.29571195069896455, -0.2085880621580715, 0.30206070930345824]
[0.30075854894810594, -0.20578346633454433, 0.30292287377392224]
[0.31224242800395574, -0.19900215285260903, 0.30437403625923243]
[0.32195475976998006, -0.19273384659592685, 0.30496038519578045]
[0.33521627032428947, -0.183437146975519, 0.30494765504868965]
[0.346632836208902, -0.17466937785107417, 0.3042428148947312]
[0.3576765201770361, -0.16548327852641134, 0.30300707784490344]
[0.36266170081625576, -0.16111139992790954, 0.3022141574856064]
[0.3696289293924349, -0.1547947447520842, 0.3009890003292418]
[0.3714214132198157, -0.153107171024344, 0.3006369545504754]
[0.3731612889913668, -0.1514348394833313, 0.30027041039723174]
[0.3739749070850422, -0.15069996307469402, 0.3001263635883869]
[0.3736971366750686, -0.15048126047388172, 0.30335836838217783]
[0.37395921615571986, -0.15069429897222447, 0.30019192617505747]
[0.3739691993807617, -0.15070516250662624, 0.30005085785007823]
[0.37403116362112054, -0.15067829099716024, 0.3000542645223008]
[0.37878840839747413, -0.1486655827763266, 0.30041895163012683]
[0.38635558513530116, -0.14540185899529368, 0.30099228405838535]
[0.395932724126687, -0.14118152956078886, 0.30148414494539066]
[0.4101956390914926, -0.13445110836838467, 0.3019896064682709]
[0.425198532717111, -0.1268722867632479, 0.3020032407356548]
[0.43759947020109047, -0.12015178653020031, 0.30159684778729956]
[0.4459284114464562, -0.11549342916912468, 0.30110683414737643]
[0.4495537870125631, -0.11340589174706993, 0.30081924056087106]
[0.4563329918894851, -0.10935994045903781, 0.3001123961007908]
[0.4573521944036238, -0.10873523764178498, 0.29998565659304127]
[0.45790652418677524, -0.10841212803016541, 0.3000014804393396]
[0.509748908468433, -0.07928604522115806, 0.2592963583677635]
[0.5411555403299825, -0.06619667664411902, 0.2451230644222071]
