[0.19902570859901222, -0.2760222248601101, 0.15007158113472047]
[0.22175091638666306, -0.2242479207747754, 0.17902029158502875]
[0.2864856317865876, -0.1621403374016856, 0.2982262561882529]
[0.28720326344135527, -0.16118780200794502, 0.30000718837824836]
[0.37778707312804155, -0.19484200178872876, 0.3617124874382017]
[0.3762795334232657, -0.046793128498032854, 0.30084011531509297]
[0.37534265306255515, -0.04642494801967306, 0.2999595491246652]
[0.37209625809506836, -0.04810572100481983, 0.21111249936331766]
[0.3753822738878148, -0.04637865739777126, 0.2997199761568069]
[0.37536479585848725, -0.04637344071529062, 0.2999462522905222]
[0.42302371711100567, 0.0032861409121920405, 0.3021839000278452]
[0.45813109096282817, 0.05818186166707369, 0.2999786730887377]
[0.4586668521589551, 0.059285685880088604, 0.30002274548646773]
[0.5081713589785677, 0.12053192030347135, 0.2708950000097034]
[0.5407201142874188, 0.16336044690984877, 0.2458079505122992]
