[0.1989829733882351, -0.27598318589492266, 0.15002217672164544]
[0.44115302137273804, -0.09894101786247608, 0.18581187809711397]
[0.37713075633274185, 0.1636359162101687, 0.26978020563985183]
[0.3761177875520581, 0.164893589411431, 0.26992800286850177]
[0.41377175444906744, 0.25174846825624686, 0.26301504213643456]
[0.4635022232920163, 0.275152922189674, 0.2990366451964644]
[0.4647587451013555, 0.27500958468475845, 0.2999775489438502]
[0.4667902064210276, 0.281008501360594, 0.280769835333531]
[0.47576809641172263, 0.27542591630583324, 0.298478066495851]
[0.4762437110435615, 0.2750068372589983, 0.3000276417070284]
[0.5890829565375036, 0.21482965217741276, 0.27753302617612857]
[0.6410125436991357, 0.20606558049366405, 0.2881281524077288]
[0.641960710606273, 0.20680298439902295, 0.2890161917253864]
[0.6579165884906671, 0.05780233546907346, 0.24797371060676182]
[0.6422271735689905, -0.06504152356940061, 0.24485958479179074]
