[0.199091133960263, -0.2760325041855222, 0.14995668001631599]
[0.27032601589122135, -0.318124184247165, 0.29981810201140735]
[0.37595696318665844, -0.2753882540226049, 0.2701168089224051]
[0.3762064013390246, -0.27523761168803984, 0.2699571376108828]
[0.424529078163171, -0.27163733951106195, 0.2759129221810728]
[0.46441009606858163, -0.2749711458743894, 0.29972656903008177]
[0.4646797328930583, -0.27505576582602326, 0.30003431258437346]
[0.5318587512081591, -0.23613061454187317, 0.27872242105786826]
[0.5534048348325119, -0.27467982457129037, 0.29985849541202436]
[0.5534033701719906, -0.27500136606094094, 0.2999470626358948]
[0.5858584675123207, -0.2624102044169532, 0.27280545393779376]
[0.613093671193851, -0.2567778902612374, 0.28781072642299554]
[0.6139324092396851, -0.2565794452448199, 0.2889653050135962]
[0.6140438612509145, -0.25635512524596316, 0.28884100312072913]
[0.6152414637167003, -0.25374416777257447, 0.2871620734585864]
[0.6187940427850817, -0.24574809262665942, 0.28189966850423825]
[0.6221915333001895, -0.23773609025038647, 0.2766882424434822]
[0.6269247933002708, -0.22603066653767495, 0.2693077576675761]
[0.6316639456249282, -0.2135008162231838, 0.2617621105866369]
[0.6353837527038853, -0.20299727124592284, 0.2557210551890348]
[0.6377476399816465, -0.19601024921578564, 0.25181332531213463]
[0.6402727154395549, -0.18823704516622616, 0.2476007907706498]
[0.6408324215694987, -0.1864614255450249, 0.24667365168111538]
[0.6415551484329465, -0.18414246079487964, 0.2454882536831282]
[0.6419206904119892, -0.18300503747796676, 0.24493312056406522]
