[0.1992296214351848, -0.27602711610556263, 0.1500431766698666]
[0.2756892042309652, -0.23754747302656565, 0.20627585844629182]
[0.33618293327342136, -0.16430857577884717, 0.26996862191750226]
[0.3361829332734208, -0.16430857577884678, 0.26996862191750154]
[0.3706283735925199, -0.15360729792801403, 0.28988382513620276]
[0.40422325392292313, -0.13668815351649033, 0.29979769061555495]
[0.4048494060766942, -0.13632406618110332, 0.3000347041859267]
[0.40491241084259, -0.1362974535097633, 0.30005357183108206]
[0.4080904239560688, -0.13507658846895598, 0.30080341077323836]
[0.4132902642169387, -0.1331399926546249, 0.3018961456901781]
[0.4197551641726418, -0.13072689558310058, 0.30287277887495473]
[0.42952726611711367, -0.12702078517420434, 0.3036813754992862]
[0.4395362094136864, -0.12321634998578399, 0.3034727414456552]
[0.4466377378477224, -0.12057120664367356, 0.30275849845056185]
[0.4528409614956079, -0.11819556517143792, 0.30166022182567137]
[0.4562122907266241, -0.11680935477095594, 0.3008716793032358]
[0.45783508388476013, -0.11611313047220309, 0.30044739236774726]
[0.4593727989594747, -0.11550450845681864, 0.29998578811055593]
[0.45937279895947475, -0.11550450845681874, 0.29998578811055654]
[0.4593773906474638, -0.11546297384007319, 0.2999394293945632]
[0.4594821230576542, -0.11264524751843462, 0.29666148705148576]
[0.45948126016114077, -0.11053813082757424, 0.29426637087629515]
[0.4594441927147409, -0.10629177403991477, 0.28967948156793116]
[0.4594371586395236, -0.10592409647916001, 0.28928957500735003]
[0.45942021094257324, -0.10567534672264356, 0.2890094631560926]
[0.4594203266225187, -0.10567529447475577, 0.2890094304507517]
[0.4622538280803218, -0.10440938715396265, 0.28820315669322605]
[0.46882745336564224, -0.10143441279800923, 0.2860616979203784]
[0.47427172017724056, -0.09904009355902464, 0.28420062351396375]
[0.48594127745581, -0.09382619409989215, 0.27975794604619153]
[0.49559558703726864, -0.0892998055423071, 0.2753420249169701]
[0.5082430350908848, -0.08322540762526154, 0.2688290435295928]
[0.5188133087236763, -0.07805559289232164, 0.2624372039342158]
[0.528685601684583, -0.0731719498958125, 0.25570845810706966]
[0.5330786435430536, -0.07079950352931574, 0.2523753061693495]
[0.5368173668305971, -0.0687927355139086, 0.24941109728250846]
[0.5412823206091918, -0.06640212033723478, 0.2457227650967434]
[0.5416658251863466, -0.06618504803043915, 0.24539435347865957]
