[0.19899740623622436, -0.2759002637711102, 0.15002477374633166]
[0.334792409814384, -0.28040122407725504, 0.32873953169305337]
[0.3760553211330808, -0.27516788104178613, 0.43438994036624323]
[0.3761151818188452, -0.2751699992551826, 0.43455409025630326]
[0.3863104736283271, -0.2432695651460371, 0.5713127106362534]
[0.46454898883209517, -0.27441955460517453, 0.5064604144112884]
[0.46486160583975406, -0.2750160803288158, 0.5057164058967906]
[0.5462172335782556, -0.25043281067680556, 0.41026114916136347]
[0.5541834962783566, -0.27382754987946756, 0.46079256375068345]
[0.5533616014084867, -0.2750521182291733, 0.46324804475622117]
[0.5807973517325393, -0.24076359975948214, 0.4457205749941354]
[0.5989459456348509, -0.21173322242392156, 0.4397785433601468]
[0.5999537175777256, -0.20991013610397596, 0.43965335763457525]
[0.6411695860458552, -0.05467255300510018, 0.38283076489912404]
[0.6425772239809229, 0.04329287929236192, 0.3473995426414985]
