[0.19903077862196805, -0.2759465858174615, 0.14989252231973588]
[0.2610659066392105, -0.27661441707551937, 0.26106223336488676]
[0.30747511826066976, -0.24110715917205416, 0.32129408098435747]
[0.30757849068339504, -0.24103523223686996, 0.3211898798009006]
[0.3606382577420929, -0.22324210624947147, 0.3586119216774787]
[0.4146914322841323, -0.20663976999423156, 0.3226413537754657]
[0.41616783317133055, -0.20622866566575498, 0.3211451558573949]
[0.4168625163518867, -0.20619267121475232, 0.3161751877165142]
[0.416263574939203, -0.20629879975973106, 0.3209496349362374]
[0.4162421282266535, -0.20629962225452864, 0.3211207409364678]
[0.47567348246667895, -0.20616165306337386, 0.3339044425700434]
[0.5285921674042391, -0.19490554673174643, 0.3213407664635257]
[0.5291346392164092, -0.19470319212090545, 0.3211453042702287]
[0.5986881310863104, -0.17887024481432012, 0.33923269853555243]
[0.6405659189041379, -0.18229348179087676, 0.3450934227775613]
