[0.20009592989001512, -0.27602943285485865, 0.15060642680561293]
[0.3404850990226005, -0.27514046713084783, 0.34955182044523025]
[0.3362577568504464, -0.27514504968564873, 0.5096719807931485]
[0.3361321194619571, -0.27522536895542277, 0.5100179910158575]
[0.3634949272503436, -0.2570608221740011, 0.5959555685624882]
[0.404454017640703, -0.27426950596780153, 0.600235919220353]
[0.4048897200018927, -0.27492817548508103, 0.6000179724244287]
[0.32280396503530284, -0.25226745392204364, 0.7298689529075821]
[0.47083003640406706, -0.27619689430785643, 0.6021235344616703]
[0.4733515460815916, -0.27496611979257346, 0.6000172810094337]
[0.5282152476168189, -0.25684084075391944, 0.5226095353651754]
[0.5420135584247212, -0.23340681396495405, 0.5285234139525814]
[0.5420028276069486, -0.23315012243124042, 0.5289198109525763]
[0.5551484450419019, -0.24669044696711795, 0.28803058386495073]
[0.5422391686487877, -0.06700590765677542, 0.24464854278631076]
